Bad Pixel List from  2013011 2013096 2013191 Dark Currents

Star.Body.Pixels.BadPixels = [ ...
 -512,  511,   -1,    0; ...
   -1,    0, -512,  511; ...
 -245,    0,  454,  454; ...
 -512, -512, -512, -512; ...
 -510, -510,  158,  158; ...
 -480, -480, -427, -427; ...
 -464, -464, -341, -341; ...
 -462, -462, -409, -409; ...
 -417, -417,  474,  474; ...
 -414, -414,  -42,  -42; ...
 -382, -382,  328,  328; ...
 -375, -375, -403, -403; ...
 -372, -372,  -40,  -40; ...
 -354, -354,  387,  387; ...
 -316, -316,  -46,  -46; ...
 -302, -302,  237,  237; ...
 -301, -301,  391,  391; ...
 -295, -295, -311, -311; ...
 -291, -291,  425,  425; ...
 -273, -273,  337,  337; ...
 -258, -258, -491, -491; ...
 -255, -255, -251, -251; ...
 -250, -250,   19,   19; ...
 -235, -235,   97,   97; ...
 -217, -217,  207,  207; ...
 -214, -214, -296, -296; ...
 -213, -213,  340,  340; ...
 -191, -191, -326, -326; ...
 -161, -161,  150,  150; ...
 -145, -145,  159,  159; ...
 -142, -142,  236,  236; ...
 -123, -123,  133,  133; ...
 -108, -108,  441,  441; ...
  -98,  -98,  377,  377; ...
  -86,  -86,  138,  138; ...
  -56,  -56,  164,  164; ...
  -44,  -44, -478, -478; ...
  -34,  -34,  423,  423; ...
  -20,  -20, -493, -493; ...
  -10,  -10,   93,   93; ...
    1,    1, -156, -156; ...
   12,   12,  -68,  -68; ...
   23,   23, -491, -491; ...
  138,  138,    9,    9; ...
  139,  139, -140, -140; ...
  144,  144,  226,  226; ...
  148,  148,   26,   26; ...
  152,  152,  496,  496; ...
  160,  160,  -81,  -81; ...
  186,  186, -491, -491; ...
  214,  214,  -26,  -26; ...
  269,  269,  330,  330; ...
  274,  274, -427, -427; ...
  281,  281,  241,  241; ...
  285,  285,   99,   99; ...
  293,  293, -150, -150; ...
  320,  320,  190,  190; ...
  369,  369,  184,  184; ...
  379,  379,  279,  279; ...
  418,  418, -505, -505; ...
  425,  425, -393, -393; ...
  427,  427,   38,   38; ...
  461,  461, -199, -199; ...
  465,  465, -242, -242; ...
  476,  476,  403,  403; ...
  477,  477,   -6,   -6; ...
  493,  493,  113,  113; ...
];
