Bad Pixel List from  2014220 2014289 2015014 Dark Currents

Star.Body.Pixels.BadPixels = [ ...
 -512,  511,   -1,    0; ...
   -1,    0, -512,  511; ...
 -245,    0,  454,  454; ...
 -512, -512, -512, -512; ...
 -510, -510,  158,  158; ...
 -497, -497, -366, -366; ...
 -480, -480, -427, -427; ...
 -464, -464, -341, -341; ...
 -451, -451,  380,  380; ...
 -447, -447,  244,  244; ...
 -417, -417,  474,  474; ...
 -415, -415,   28,   28; ...
 -414, -414,  -42,  -42; ...
 -411, -411,   22,   22; ...
 -402, -402, -501, -501; ...
 -375, -375, -403, -403; ...
 -372, -372,  -40,  -40; ...
 -368, -368,  238,  238; ...
 -354, -354,  387,  387; ...
 -353, -353, -486, -486; ...
 -344, -344, -122, -122; ...
 -340, -340, -359, -359; ...
 -316, -316,  -46,  -46; ...
 -302, -302,  237,  237; ...
 -301, -301,  391,  391; ...
 -295, -295, -311, -311; ...
 -286, -286,  350,  350; ...
 -273, -273,  337,  337; ...
 -267, -267, -325, -325; ...
 -259, -259,  122,  122; ...
 -258, -258, -491, -491; ...
 -255, -255, -251, -251; ...
 -235, -235,   97,   97; ...
 -231, -231,  487,  487; ...
 -217, -217,  207,  207; ...
 -215, -215, -414, -414; ...
 -214, -214, -296, -296; ...
 -213, -213,  340,  340; ...
 -210, -210, -351, -351; ...
 -195, -195,  304,  304; ...
 -191, -191, -326, -326; ...
 -161, -161,  150,  150; ...
 -145, -145,  159,  159; ...
 -123, -123,  133,  133; ...
 -108, -108,  441,  441; ...
 -106, -106, -392, -392; ...
 -100, -100,  229,  229; ...
 -100, -100,  470,  470; ...
  -98,  -98,  377,  377; ...
  -56,  -56, -325, -325; ...
  -56,  -56,  164,  164; ...
  -44,  -44, -478, -478; ...
  -34,  -34,  423,  423; ...
  -20,  -20, -493, -493; ...
  -10,  -10,   93,   93; ...
    1,    1, -424, -424; ...
    1,    1, -156, -156; ...
    2,    2,  382,  382; ...
   12,   12,  -68,  -68; ...
   40,   40, -332, -332; ...
   46,   46,  136,  136; ...
  126,  126,  -29,  -29; ...
  137,  137, -452, -452; ...
  138,  138,    9,    9; ...
  139,  139, -140, -140; ...
  144,  144,  226,  226; ...
  152,  152,  496,  496; ...
  160,  160, -325, -325; ...
  186,  186, -491, -491; ...
  214,  214,  -26,  -26; ...
  228,  228,  -29,  -29; ...
  256,  256,  380,  380; ...
  269,  269,  330,  330; ...
  270,  270, -333, -333; ...
  274,  274, -427, -427; ...
  281,  281,  241,  241; ...
  285,  285,   99,   99; ...
  293,  293, -150, -150; ...
  319,  319, -512, -512; ...
  320,  320,  190,  190; ...
  358,  358,  419,  419; ...
  369,  369,  184,  184; ...
  374,  374, -419, -419; ...
  379,  379,  279,  279; ...
  393,  393,  254,  254; ...
  418,  418, -505, -505; ...
  425,  425, -393, -393; ...
  448,  448, -454, -454; ...
  459,  459, -454, -454; ...
  461,  461, -199, -199; ...
  465,  465, -242, -242; ...
  476,  476,  403,  403; ...
  477,  477,   -6,   -6; ...
  483,  483,  -26,  -26; ...
  493,  493,  113,  113; ...
];
